0 1 2 3 4 5
256741038 623958417 467905213 714532089 938071625
396285104 573261094 759641832 819230764 364801279
140638725 436257910 953274816 734065819 362748590
769082435 210437958 673982045 375809214 380564127
426980153 354802167 142980735 968217435 734892650
942381765 627450398 954173620 583762094 236817490
539674108 549382170 270968351 746219035 140597628
254961783 604179258 462517083 967304281 860273491
501893267 649027153 379408215 452968170 487530619
140537896 243908675 670291834 923018467 520718469
793810624 895642170 685903712 623789054 468592370
5 5 5 5 5
7 69 2 221 8974